	375.44
	3.79984e-06
	0.0507812
	10666.7
	3962.11
	3.79984e-06
	0.15918
	9590.64
	967.508
	3.79984e-06
	0.0820312
	7578.95
	588.308
	3.79984e-06
	0.0224609
	3368.42
	1082.47
	3.79984e-06
	0.0585938
	3929.82
	1062.98
	3.79984e-06
	0.0576172
	4023.39
	995.119
	3.79984e-06
	0.0507812
	4350.88
	811.674
	3.79984e-06
	0.0449219
	4444.44
	674.83
	3.79984e-06
	0.03125
	4631.58
	415.344
	3.79984e-06
	0.0136719
	3274.85
	436.865
	3.79984e-06
	0.0136719
	3368.42
	603.843
	3.79984e-06
	0.0253906
	3883.04
	609.04
	3.79984e-06
	0.0273438
	3929.82
	596.408
	3.79984e-06
	0.0273438
	3883.04
	551.266
	3.79985e-06
	0.0273438
	3929.82
	553
	3.79984e-06
	0.0253906
	3602.34
	503.906
	3.79984e-06
	0.0136719
	3415.2
	500.164
	3.79984e-06
	0.0136719
	3228.07
	485.031
	3.79984e-06
	0.0136719
	3228.07
	465.179
	3.79984e-06
	0.0136719
	2994.15
	458.723
	3.79984e-06
	0.0136719
	2994.15
	455.04
	3.79984e-06
	0.0136719
	2947.37
	467.027
	3.79984e-06
	0.015625
	2994.15
	353.758
	3.79984e-06
	0.0126953
	2385.96
	298.835
	3.79984e-06
	0.0126953
	1356.73
	320.399
	3.79984e-06
	0.0117188
	2339.18
	322.418
	3.79984e-06
	0.0107422
	2385.96
	313.39
	3.79984e-06
	0.0117188
	2058.48
	318.423
	3.79984e-06
	0.0117188
	2105.26
	317.574
	3.79984e-06
	0.0107422
	2152.05
	274.331
	3.79984e-06
	0.0117188
	561.404
	327.016
	3.79984e-06
	0.0244141
	888.889
	482.44
	3.79984e-06
	0.0283203
	6409.36
	415.28
	3.79984e-06
	0.0234375
	2760.23
	1191.88
	3.79984e-06
	0.0576172
	4257.31
	1194.57
	3.79984e-06
	0.0517578
	3836.26
	1070.68
	3.79984e-06
	0.0507812
	3368.42
	966.069
	3.79984e-06
	0.0507812
	3368.42
	803.206
	3.79984e-06
	0.0400391
	3742.69
	723.831
	3.79984e-06
	0.0400391
	3836.26
	628.477
	3.79984e-06
	0.0439453
	3508.77
	588.551
	3.79984e-06
	0.0283203
	3228.07
	594.061
	3.79984e-06
	0.0283203
	3555.56
	579.183
	3.79984e-06
	0.0322266
	3555.56
	551.586
	3.79984e-06
	0.0283203
	3274.85
	564.106
	3.79984e-06
	0.0302734
	3415.2
	552.672
	3.79984e-06
	0.0302734
	3321.64
	562.549
	3.79984e-06
	0.0283203
	3555.56
	537.946
	3.79984e-06
	0.0283203
	3321.64
	535.663
	3.79984e-06
	0.0263672
	3321.64
	519.09
	3.79984e-06
	0.0205078
	3040.94
	510.425
	3.79984e-06
	0.0146484
	2994.15
	491.933
	3.79984e-06
	0.0166016
	2947.37
	488.857
	3.79984e-06
	0.0146484
	2713.45
	472.296
	3.79984e-06
	0.0146484
	2619.88
	464.864
	3.79984e-06
	0.0146484
	2619.88
	459.119
	3.79984e-06
	0.0146484
	1824.56
	462.36
	3.79984e-06
	0.0146484
	2198.83
	463.656
	3.79984e-06
	0.0146484
	2245.61
	463.81
	3.79984e-06
	0.0146484
	2292.4
	465.156
	3.79984e-06
	0.0146484
	2152.05
	466.675
	3.79984e-06
	0.0146484
	2619.88
	464.471
	3.79984e-06
	0.0146484
	2619.88
	459.594
	3.79984e-06
	0.0146484
	2198.83
	452.482
	3.79984e-06
	0.0146484
	1964.91
	442.883
	3.79984e-06
	0.0146484
	1684.21
	437.056
	3.79984e-06
	0.0146484
	1637.43
	434.57
	3.79984e-06
	0.0146484
	1637.43
	433.08
	3.79984e-06
	0.0146484
	1637.43
	430.818
	3.79984e-06
	0.0146484
	1637.43
	430.071
	3.79984e-06
	0.015625
	1684.21
	427.516
	3.79984e-06
	0.0136719
	1637.43
	433.631
	3.79984e-06
	0.0136719
	1730.99
	436.326
	3.79984e-06
	0.0136719
	1684.21
	438.996
	3.79984e-06
	0.0136719
	1684.21
	445.804
	3.79984e-06
	0.0136719
	1684.21
	449.033
	3.79984e-06
	0.0136719
	1637.43
	447.992
	3.79984e-06
	0.0136719
	1637.43
	448.119
	3.79984e-06
	0.0136719
	1637.43
	445.574
	3.79984e-06
	0.0136719
	1590.64
	445.557
	3.79984e-06
	0.0136719
	1590.64
	441.959
	3.79984e-06
	0.0146484
	1590.64
	440.596
	3.79984e-06
	0.0146484
	1684.21
	434.074
	3.79984e-06
	0.0146484
	1637.43
	427.406
	3.79984e-06
	0.0146484
	1309.94
	426.335
	3.79984e-06
	0.0136719
	1637.43
	422.164
	3.79984e-06
	0.0136719
	1637.43
	413.985
	3.79984e-06
	0.0136719
	1403.51
	409.857
	3.79984e-06
	0.0136719
	1309.94
	412.764
	3.79984e-06
	0.0136719
	1637.43
	406.907
	3.79984e-06
	0.0136719
	1637.43
	400.866
	3.79984e-06
	0.0136719
	1263.16
	395.693
	3.79984e-06
	0.0136719
	982.456
	393.818
	3.79984e-06
	0.0136719
	1497.08
	393.33
	3.79984e-06
	0.0136719
	1356.73
	390.013
	3.79984e-06
	0.0136719
	1263.16
	393.691
	3.79984e-06
	0.0126953
	1263.16
	405.447
	3.79984e-06
	0.0146484
	1356.73
	400.748
	3.79984e-06
	0.0146484
	1356.73
	388.527
	3.79984e-06
	0.0146484
	1590.64
	380.886
	3.79984e-06
	0.0146484
	1029.24
	379.802
	3.79984e-06
	0.0146484
	1309.94
	374.242
	3.79984e-06
	0.0146484
	1029.24
	365.161
	3.79984e-06
	0.0146484
	1309.94
	377.611
	3.79984e-06
	0.0146484
	1309.94
	389.002
	3.79984e-06
	0.0136719
	1263.16
	399.071
	3.79984e-06
	0.0136719
	1964.91
	378.158
	3.79984e-06
	0.0136719
	1029.24
	371.704
	3.79984e-06
	0.0136719
	935.673
	367.483
	3.79984e-06
	0.0146484
	982.456
	364.183
	3.79984e-06
	0.0136719
	1590.64
	356.017
	3.79984e-06
	0.0126953
	2339.18
	354.976
	3.79984e-06
	0.0146484
	1497.08
	365.46
	3.79984e-06
	0.0146484
	1263.16
	381.397
	3.79984e-06
	0.0146484
	1356.73
	372.4
	3.79984e-06
	0.0146484
	1309.94
	365.083
	3.79984e-06
	0.0146484
	935.673
	355.852
	3.79984e-06
	0.0146484
	701.754
	350.502
	3.79984e-06
	0.0136719
	1309.94
	347.412
	3.79984e-06
	0.0126953
	3181.29
	332.272
	3.79984e-06
	0.0146484
	3087.72
	359.347
	3.79984e-06
	0.0136719
	1964.91
	378.007
	3.79984e-06
	0.0136719
	1637.43
	369.026
	3.79984e-06
	0.0136719
	982.456
	363.008
	3.79984e-06
	0.0146484
	701.754
	352.442
	3.79984e-06
	0.0146484
	701.754
	349.502
	3.79984e-06
	0.0136719
	1684.21
	350.416
	3.79984e-06
	0.0126953
	2807.02
	350.265
	3.79984e-06
	0.0136719
	1871.35
	391.352
	3.79984e-06
	0.0136719
	2198.83
	401.186
	3.79984e-06
	0.0136719
	1590.64
	396.604
	3.79984e-06
	0.0136719
	1730.99
	385.253
	3.79984e-06
	0.0136719
	1684.21
	379.47
	3.79984e-06
	0.0136719
	1309.94
	378.956
	3.79984e-06
	0.0126953
	1590.64
	362.404
	3.79984e-06
	0.0136719
	1871.35
	401.747
	3.79984e-06
	0.0136719
	1871.35
	441.102
	3.79984e-06
	0.0136719
	2292.4
	428.725
	3.79984e-06
	0.015625
	2573.1
	351.579
	3.79984e-06
	0.0117188
	2198.83
	407.885
	3.79984e-06
	0.0146484
	2292.4
	407.855
	3.79984e-06
	0.0126953
	2058.48
	438.918
	3.79984e-06
	0.0126953
	2900.58
	427.002
	3.79984e-06
	0.0136719
	2853.8
	419.62
	3.79984e-06
	0.0117188
	2339.18
	421.663
	3.79984e-06
	0.0126953
	2339.18
	424.259
	3.79984e-06
	0.0126953
	2292.4
	415.36
	3.79984e-06
	0.0126953
	2526.32
	422.404
	3.79984e-06
	0.0136719
	2619.88
	424.879
	3.79984e-06
	0.0126953
	2994.15
	328.132
	3.79984e-06
	0.0126953
	1497.08
	357.614
	3.79984e-06
	0.0185547
	6315.79
	292.609
	3.79984e-06
	0.0175781
	4116.96
	282.663
	3.79984e-06
	0.0107422
	1497.08
	366.364
	3.79984e-06
	0.0117188
	3087.72
	426.098
	3.79984e-06
	0.0107422
	3087.72
	409.064
	3.79984e-06
	0.0117188
	2853.8
	391.722
	3.79984e-06
	0.0107422
	2900.58
	393.811
	3.79984e-06
	0.0117188
	3040.94
	373.086
	3.79984e-06
	0.0107422
	3040.94
	315.954
	3.79984e-06
	0.0136719
	1263.16
	337.715
	3.79984e-06
	0.0117188
	3836.26
	312.092
	3.79984e-06
	0.0126953
	2105.26
	403.215
	3.79984e-06
	0.0126953
	2900.58
	420.591
	3.79984e-06
	0.0126953
	3461.99
	433.852
	3.79984e-06
	0.0136719
	3321.64
	433.618
	3.79984e-06
	0.0126953
	3228.07
	417.312
	3.79984e-06
	0.0126953
	2947.37
	425.17
	3.79984e-06
	0.0126953
	3228.07
	425.508
	3.79984e-06
	0.0136719
	3228.07
	418.119
	3.79984e-06
	0.0126953
	3181.29
	413.804
	3.79984e-06
	0.0126953
	2900.58
	432.747
	3.79984e-06
	0.0136719
	2994.15
	337.65
	3.79984e-06
	0.0136719
	701.754
	341.994
	3.79984e-06
	0.0136719
	3228.07
	344.622
	3.79984e-06
	0.0136719
	1263.16
	448.509
	3.79984e-06
	0.0136719
	2947.37
	508.952
	3.79984e-06
	0.0136719
	3181.29
	510.851
	3.79984e-06
	0.015625
	3181.29
	485.876
	3.79984e-06
	0.0136719
	3181.29
	468.859
	3.79984e-06
	0.0136719
	2947.37
	430.564
	3.79984e-06
	0.0136719
	2994.15
	340.296
	3.79984e-06
	0.0136719
	654.971
	340.993
	3.79984e-06
	0.0146484
	1403.51
	297.022
	3.79984e-06
	0.0107422
	1918.13
	574.869
	3.79984e-06
	0.015625
	3742.69
	559.969
	3.79984e-06
	0.0107422
	3508.77
	488.342
	3.79984e-06
	0.0117188
	3555.56
	401.753
	3.79984e-06
	0.0107422
	3321.64
	363.856
	3.79984e-06
	0.0117188
	3087.72
	354.867
	3.79984e-06
	0.0107422
	3087.72
	344.431
	3.79984e-06
	0.0117188
	2900.58
	346.507
	3.79984e-06
	0.0107422
	3087.72
	346.53
	3.79984e-06
	0.0117188
	2900.58
	355.819
	3.79984e-06
	0.0107422
	2900.58
	321.353
	3.79984e-06
	0.0126953
	2573.1
	277.164
	3.79984e-06
	0.0117188
	1403.51
	300.091
	3.79984e-06
	0.0107422
	1263.16
	387.064
	3.79984e-06
	0.0117188
	3368.42
	406.153
	3.79984e-06
	0.0107422
	3087.72
	397.819
	3.79984e-06
	0.0117188
	3134.5
	387.823
	3.79984e-06
	0.0107422
	3087.72
	374.624
	3.79984e-06
	0.0117188
	3040.94
	395.591
	3.79984e-06
	0.0107422
	3368.42
	347.026
	3.79984e-06
	0.0117188
	3461.99
	254.217
	3.79984e-06
	0.00878906
	795.322
	241.85
	3.79984e-06
	0.0107422
	842.105
	252.557
	3.79984e-06
	0.00976562
	842.105
	371.266
	3.79984e-06
	0.0166016
	2807.02
	398.059
	3.79984e-06
	0.0175781
	3228.07
	377.662
	3.79984e-06
	0.0195312
	2853.8
	358.892
	3.79984e-06
	0.00878906
	3040.94
	349.775
	3.79984e-06
	0.00976562
	2947.37
	335.561
	3.79984e-06
	0.00976562
	2619.88
	334.27
	3.79984e-06
	0.0107422
	2619.88
	333.308
	3.79984e-06
	0.0205078
	2807.02
	322.747
	3.79984e-06
	0.0175781
	2198.83
	318.179
	3.79984e-06
	0.0185547
	1730.99
	315.882
	3.79984e-06
	0.0126953
	1590.64
	312.307
	3.79984e-06
	0.00976562
	1356.73
	311.067
	3.79984e-06
	0.00878906
	1356.73
	320.766
	3.79984e-06
	0.0107422
	2011.7
	346.132
	3.79984e-06
	0.0117188
	2853.8
	319.467
	3.79984e-06
	0.0107422
	1918.13
	288.938
	3.79984e-06
	0.00976562
	2152.05
	270.787
	3.79984e-06
	0.00878906
	1450.29
	248.872
	3.79984e-06
	0.00976562
	888.889
	249.677
	3.79984e-06
	0.00878906
	654.971
	260.271
	3.79984e-06
	0.0107422
	654.971
	253.554
	3.79984e-06
	0.00976562
	654.971
	250.934
	3.79984e-06
	0.00878906
	654.971
	244.891
	3.79984e-06
	0.00976562
	1263.16
	273.906
	3.79984e-06
	0.00878906
	1964.91
	277.694
	3.79984e-06
	0.00976562
	1263.16
	265.725
	3.79984e-06
	0.00878906
	1263.16
	262.71
	3.79984e-06
	0.0107422
	1590.64
	256.919
	3.79984e-06
	0.00976562
	1263.16
	285.155
	3.79984e-06
	0.0107422
	2058.48
	285.983
	3.79984e-06
	0.0205078
	3087.72
	258.958
	3.79984e-06
	0.0214844
	6409.36
	209.429
	3.79984e-06
	0.0107422
	5146.2
	194.65
	3.79984e-06
	0.0117188
	3321.64
	238.455
	3.79984e-06
	0.0107422
	3368.42
	317.706
	3.79984e-06
	0.0117188
	3087.72
	322.092
	3.79984e-06
	0.0126953
	3415.2
	314.118
	3.79984e-06
	0.00683594
	3228.07
	313.172
	3.79984e-06
	0.00878906
	3228.07
	303.615
	3.79984e-06
	0.00683594
	3181.29
	303.357
	3.79984e-06
	0.0078125
	2947.37
	304.31
	3.79984e-06
	0.00683594
	3228.07
	297.831
	3.79984e-06
	0.00976562
	3228.07
	299.93
	3.79984e-06
	0.0107422
	3181.29
	280.967
	3.79984e-06
	0.00976562
	3040.94
	263.234
	3.79984e-06
	0.00683594
	2760.23
	246.578
	3.79984e-06
	0.0078125
	2760.23
	233.332
	3.79984e-06
	0.00683594
	2105.26
	225.59
	3.79984e-06
	0.0078125
	2292.4
	215.509
	3.79984e-06
	0.00683594
	1918.13
	207.33
	3.79984e-06
	0.00976562
	1824.56
	199.547
	3.79984e-06
	0.00585938
	2292.4
	192.778
	3.79984e-06
	0.00683594
	842.105
	193.225
	3.79984e-06
	0.0078125
	701.754
	200.199
	3.79984e-06
	0.00878906
	842.105
	202.077
	3.79984e-06
	0.00976562
	1122.81
	203.867
	3.79984e-06
	0.00878906
	1450.29
	196.216
	3.79984e-06
	0.0078125
	2105.26
	215.441
	3.79984e-06
	0.00683594
	3929.82
	206.364
	3.79984e-06
	0.00683594
	3602.34
	198.544
	3.79984e-06
	0.0117188
	3883.04
	189.566
	3.79984e-06
	0.00683594
	748.538
	192.081
	3.79984e-06
	0.0078125
	467.836
	199.906
	3.79984e-06
	0.00683594
	514.62
	198.061
	3.79984e-06
	0.0078125
	467.836
	190.009
	3.79984e-06
	0.00683594
	2432.75
	199.026
	3.79984e-06
	0.0117188
	3976.61
	207.204
	3.79984e-06
	0.00683594
	4116.96
	189.023
	3.79984e-06
	0.0117188
	2900.58
	187.181
	3.79984e-06
	0.00683594
	514.62
	194.307
	3.79984e-06
	0.0078125
	514.62
	203.189
	3.79984e-06
	0.00683594
	514.62
	198.647
	3.79984e-06
	0.0078125
	654.971
	185.222
	3.79984e-06
	0.0107422
	3134.5
	215.57
	3.79984e-06
	0.0107422
	4491.23
	198.365
	3.79984e-06
	0.0136719
	4678.36
	197.649
	3.79984e-06
	0.0107422
	3742.69
	185.835
	3.79984e-06
	0.0078125
	654.971
	186.529
	3.79984e-06
	0.00683594
	467.836
	188.706
	3.79984e-06
	0.0078125
	467.836
	185.219
	3.79984e-06
	0.00683594
	654.971
	180.762
	3.79984e-06
	0.00976562
	2760.23
	193.44
	3.79984e-06
	0.00683594
	5520.47
	230.487
	3.79984e-06
	0.0126953
	5426.9
	218.257
	3.79984e-06
	0.0136719
	6315.79
	176.563
	3.79984e-06
	0.00878906
	2853.8
	171.882
	3.79984e-06
	0.0078125
	374.269
	175.741
	3.79984e-06
	0.00683594
	1403.51
	177.013
	3.79984e-06
	0.0078125
	2526.32
	182.44
	3.79984e-06
	0.00878906
	4070.18
	289.045
	3.79984e-06
	0.0214844
	6736.84
	363.127
	3.79984e-06
	0.0302734
	6783.63
	546.002
	3.79984e-06
	0.0410156
	7438.6
	1180.82
	3.79984e-06
	0.0683594
	7345.03
	1043.77
	3.79984e-06
	0.0595703
	6736.84
	467.798
	3.79984e-06
	0.0488281
	4397.66
	2073.72
	3.79984e-06
	0.0751953
	13801.2
	2495.27
	3.79986e-06
	0.0742188
	12959.1
	911.567
	3.79986e-06
	0.0742188
	9122.81
	439.739
	3.79984e-06
	0.0380859
	4491.23
	387.116
	3.79984e-06
	0.0332031
	3836.26
	479.255
	3.79984e-06
	0.0380859
	3929.82
	853.15
	3.79984e-06
	0.0458984
	3976.61
	1259.91
	3.79984e-06
	0.0771484
	4304.09
	1701.12
	3.79984e-06
	0.0849609
	4444.44
	1346.47
	3.79984e-06
	0.0751953
	4163.74
	874.952
	3.79984e-06
	0.0576172
	4116.96
	2152.87
	3.79984e-06
	0.0917969
	5005.85
	560.001
	3.79984e-06
	0.0595703
	4023.39
	740.643
	3.79984e-06
	0.0791016
	4070.18
	1981.82
	3.79984e-06
	0.107422
	4491.23
	1851.6
	3.79984e-06
	0.09375
	5052.63
	1963.48
	3.79984e-06
	0.0908203
	4725.15
	1782.36
	3.79984e-06
	0.107422
	4818.71
	2451.73
	3.79984e-06
	0.113281
	4725.15
	2209.33
	3.79984e-06
	0.111328
	4725.15
	1823.81
	3.79984e-06
	0.104492
	4584.8
	2078.92
	3.79984e-06
	0.100586
	4491.23
	2403.84
	3.79984e-06
	0.111328
	5052.63
	2215.82
	3.79984e-06
	0.104492
	4397.66
	2294.69
	3.79984e-06
	0.102539
	5052.63
	2142.79
	3.79984e-06
	0.102539
	4725.15
